  0.7118391944943905 3.6949999999999537 0.109211591046223 0.6011223783922702
 0.7128712614726612 3.6475585162424897 0.11354405270638547 0.6163998280800906
 0.713877345312786 3.60019213907003 0.11804435127003698 0.6318678406354551
 0.7148573906311522 3.5529039464538257 0.12271845369625001 0.6475296519677688
 0.7158113177422892 3.505697143263945 0.1275724702057173 0.663388475449938
 0.716739022854235 3.458575061352183 0.1326126506075517 0.6794474978368125
 0.7176403780771977 3.4115411660625528 0.13784537898516658 0.6957098725073074
 0.7185152314437472 3.3645990597935937 0.14327716755835396 0.7121787130893014
 0.7193634069008985 3.3177524843525017 0.1489146494922974 0.728857086910546
 0.7201847042213381 3.271005325000568 0.15476457021590861 0.7457480072290363
 0.7209788988904994 3.2243616132866633 0.16083377746418126 0.7628544252148513
 0.7217457419768417 3.177825528027311 0.1671292100548769 0.7801792219291245
 0.7224849599188933 3.1314013983018874 0.1736578847916587 0.7977251988592575
 0.7231962542911833 3.085093704931053 0.18042688181860017 0.8154950682540087
 0.7238793015692958 3.0389070786941503 0.1874433286232388 0.8334914439595544
 0.7245337528069167 2.992846300634696 0.19471438183220569 0.8517168307171581
 0.7251592332753338 2.946916301306048 0.20224720711121094 0.8701736130669527
 0.7257553420889626 2.9011221567526304 0.2100489574651615 0.8888640447646924
 0.7263216517588315 2.855469084827564 0.21812674930926676 0.9077902373087164
 0.7268577076957689 2.8099624399515344 0.2264876365306505 0.9269541483261727
 0.7273630276549868 2.76460770626835 0.23513858250628203 0.9463575698686416
 0.7278371011087422 2.7194104895225006 0.24408642998170327 0.9660021165114178
 0.7282793885751637 2.674376503676903 0.2533378696087245 0.9858892150535403
 0.7286893207677638 2.629511564248565 0.26289940473615203 1.0060200906280772
 0.7290662977458611 2.5848215692677114 0.27277731630947655 1.0263957576308727
 0.7294096878795823 2.540312483802824 0.28297762478382826 1.0470170086203796
 0.7297188266767396 2.495990321885702 0.2935060503030472 1.067884403912147
 0.7299930154460745 2.4518611256775356 0.30436797130560495 1.0889982620572818
 0.7302315197782517 2.40793093944073 0.3155683823419958 1.1103586525252545
 0.7304335677632904 2.3642057859721666 0.32711184937791854 1.131965387044708
 0.7305983479649083 2.320691636302461 0.33900246500235753 1.1538180141022305
 0.7307250070713842 2.27739437738829 0.35124380264598 1.175915814523678
 0.7308126471692037 2.234319781136321 0.3638388689937395 1.1982577964846364
 0.7308603226125681 2.1914734639741025 0.37679005785030606 1.2208426955660179
 0.7308670363808721 2.148860850946984 0.3900991017084906 1.2436689728179249
 0.7308317358731306 2.106487129371816 0.40376702562609595 1.2667348187099352
 0.7307533080367555 2.0643572101382723 0.41779409803031514 1.2900381534257188
 0.7306305737347588 2.0224756780052986 0.432179784342296 1.313576633473265
 0.7304622812191245 1.980846742161965 0.4469227000585899 1.3373476586385693
 0.7302470985842988 1.939474186288722 0.46202056335364033 1.3613483794918855
 0.7299836050349049 1.898361315690376 0.4774701478492717 1.385575706622798
 0.7296702807662716 1.8575109008994592 0.4932672355468142 1.4100263217648965
 0.7293054952255742 1.816925118231552 0.5094065693537952 1.434696690240907
 0.7288874935415857 1.7766054929877004 0.5258818022077055 1.4595830707398985
 0.7284143807245455 1.7365528348607906 0.5426854458737109 1.4846815280189516
 0.7278841032629354 1.6967671696808022 0.5598088166980776 1.5099879453405058
 0.727294427731132 1.6572476728016545 0.5772419742745222 1.5354980321055833
 0.726642915720191 1.6179925934340134 0.5949736552941275 1.5612073319383692
 0.7259268943850575 1.5789991717056209 0.6129911992457638 1.58711122848289
 0.7251434219071021 1.540263556793981 0.6312804584791915 1.613204941004168
 0.7242892464604783 1.5017807065441064 0.6498256969971653 1.6394835197223292
 0.7233607575074017 1.463544280327607 0.6686094669434511 1.6659418294489468
 0.7223539274630225 1.4255465136841934 0.6876124607592314 1.6925745243232033
 0.7212642416871031 1.3877780816622816 0.7068133260382279 1.7193760024418903
 0.7200866133373391 1.3502279279656535 0.7261884420637736 1.7463403479417592
 0.7188152794668589 1.3128830680941301 0.7457116378900119 1.7734612438206112
 0.7174436728029768 1.2757283482396717 0.7653538397057431 1.8007318534090215
 0.7159642624586947 1.2387461597467235 0.785082618629856 1.828144650059037
 0.7143683528794184 1.2019160690446076 0.8048616207035372 1.8556911960289106
 0.7126458286704469 1.1652143748264836 0.8246498183337166 1.8833618219634112
 0.7107848246164701 1.1286135264265955 0.8444005416198948 1.911145198738369
 0.7077013576927428 1.0738153304378395 0.8738443998736554 1.9530120066238599
 0.7042157113982863 1.0190626985286386 0.9028476842621374 1.9950213085636221
 0.7002485433112791 0.9641913654964563 0.9311226156258118 2.0370797033898698
 0.6956897490900648 0.9089854529834875 0.9582824834417388 2.079045129536263
 0.6903800157292648 0.8531531591374564 0.9837808840616324 2.120687765666382
 0.6840760654325228 0.7962861101380551 1.0067941672589005 2.1616080422788895
 0.6763789079045763 0.7377900078213983 1.0259699698435214 2.2010450231789567
 0.6665675413784278 0.6767732696153457 1.038813716841127 2.237358767793412
 0.6531568554406532 0.611971966607114 1.039918369215419 2.266332358646569
 0.6375649965604775 0.5568025995975658 1.0233586927019749 2.2758297284753546
 0.6209881507238717 0.5160968420640435 0.9906742258030196 2.2629433692639034
 0.6120244609708189 0.5003325300619307 0.9682243780193195 2.247665865270752
 0.6047592232784871 0.49035737713768357 0.9481075711921485 2.2315009510941954
 0.5978120202034133 0.48298219079074955 0.9275237685128481 2.2131201873394666
 0.591216069881317 0.47781739093025344 0.9069450118619731 2.193197661689947
 0.5849499019803034 0.4744848479675829 0.8865994743829916 2.17217501907527
 0.5789771625159494 0.47267716958189837 0.866591176946376 2.150339122707497
 0.573261294804338 0.4721568815140325 0.8469635466942672 2.127881165578645
 0.5677699743426039 0.47274226447126855 0.827730565374725 2.104933277414464
 0.5624758620468814 0.4742934719463824 0.8088919187440033 2.0815902425959445
 0.5573561800061304 0.4767016878598836 0.7904404878429514 2.0579224931225424
 0.5523920025827334 0.4798811871836857 0.772366121776004 2.033984073395059
 0.5475675634980194 0.48376361818465546 0.7546575647923702 2.0098176735691338
 0.5428696630905332 0.4882938776244913 0.7373034405888671 1.9854579066027815
 0.5382871861936479 0.4934271068607073 0.7202927454045047 1.960933504581859
 0.5338107174154734 0.4991264766217187 0.7036150800848954 1.9362688294488704
 0.5294322360739391 0.505361530774695 0.6872607429631505 1.9114849378580017
 0.5251448740985852 0.5121069308025876 0.6712207485294559 1.8866003481265436
 0.5209427231969106 0.519341490955651 0.655486807761089 1.8616316040722154
 0.5168206801901452 0.5270474273222926 0.6400512889668144 1.8365936960261247
 0.512774322395096 0.5352097656009219 0.6249071711465594 1.811500381808236
 0.5087998062261507 0.5438158688460368 0.6100479945092977 1.786364433474845
 0.5048937843233262 0.5528550560840182 0.5954678123634353 1.7611978308106777
 0.501053337112648 0.5623182912851099 0.5811611449784089 1.7360119134966656
 0.4972759159780697 0.5721979267807713 0.5671229366396144 1.7108175024880137
 0.49355929592143905 0.5824874888141635 0.5533485167563362 1.6856249988646035
 0.48990153538789316 0.5931814976178305 0.5398335630116456 1.66044446183831
 0.48630094241642846 0.6042753136727387 0.5265740684952372 1.635285673574031
 0.48275604563538865 0.615765005738794 0.5135663112230577 1.6101581913416252
 0.479265569273557 0.6276472363934451 0.5008068260094377 1.5850713895898645
 0.4758284115033194 0.639919161740613 0.4882923785447432 1.560034493850624
 0.4724436255800233 0.6525783425597893 0.47601994157933486 1.5350566080966423
 0.46911040326247827 0.6656226649915109 0.4639866728149723 1.5101467362583711
 0.4658280599193135 0.6790502700315969 0.45218989353806494 1.4853137970847432
 0.46259602143752654 0.6928594889459521 0.4406270693765055 1.4605666361629661
 0.4594138122671312 0.7070487851782973 0.4292957915531061 1.4359140325714503
 0.4562810447050341 0.7216167007049396 0.4181937596455863 1.411364702954121
 0.4531974089482179 0.7365618075075147 0.4073187646960754 1.386927301098147
 0.4501626639976126 0.7518826627593895 0.39666867339617873 1.3626104150301102
 0.44717662927032775 0.7675777674216246 0.38624141319291294 1.3384225617380243
 0.44423917648815026 0.7836455298098612 0.37603495710190393 1.314372177021244
 0.44135022262158197 0.8000842294419634 0.36604731119060846 1.2904676076454973
