  -8.0000000000000071E-003 -0.80000000000000004       -1.8261713419784342E-002
  -7.0720000000000088E-003 -0.79420000000000002       -1.6056890077323593E-002
  -6.1439999999999967E-003 -0.78839999999999999       -1.3875225627933476E-002
  -5.2159999999999984E-003 -0.78259999999999996       -1.1716505808968748E-002
  -4.2880000000000001E-003 -0.77679999999999993       -9.5805183177498521E-003
  -3.3599999999999880E-003 -0.77099999999999991       -7.4670527931935769E-003
  -2.4319999999999758E-003 -0.76519999999999988       -5.3759007976219159E-003
  -1.5039999999999776E-003 -0.75939999999999985       -3.3068557987473552E-003
  -5.7599999999997931E-004 -0.75359999999999983       -1.2597131518328054E-003
   3.5200000000001896E-004 -0.74779999999999980        7.6572991797535820E-004
   1.2800000000000450E-003 -0.74199999999999977        2.7696743331432441E-003
   2.2080000000000433E-003 -0.73619999999999974        4.7523191810755995E-003
   3.1360000000000415E-003 -0.73039999999999972        6.7138617312748087E-003
   4.0640000000000398E-003 -0.72459999999999969        8.6544974523332114E-003
   4.9920000000000520E-003 -0.71879999999999966        1.0574420028761357E-002
   5.9200000000000641E-003 -0.71299999999999963        1.2473821377653337E-002
   6.8480000000000624E-003 -0.70719999999999961        1.4352891665191157E-002
   7.7760000000000606E-003 -0.70139999999999958        1.6211819322989606E-002
   8.7040000000000728E-003 -0.69559999999999955        1.8050791064283145E-002
   9.6320000000000711E-003 -0.68979999999999952        1.9869991899956450E-002
   1.0560000000000083E-002 -0.68399999999999950        2.1669605154420502E-002
   1.1488000000000081E-002 -0.67819999999999947        2.3449812481335118E-002
   1.2416000000000094E-002 -0.67239999999999944        2.5210793879180220E-002
   1.3344000000000092E-002 -0.66659999999999942        2.6952727706676595E-002
   1.4272000000000090E-002 -0.66079999999999939        2.8675790698058437E-002
   1.5200000000000102E-002 -0.65499999999999936        3.0380157978198461E-002
   1.6128000000000101E-002 -0.64919999999999933        3.2066003077587411E-002
   1.7056000000000113E-002 -0.64339999999999931        3.3733497947169601E-002
   1.7984000000000111E-002 -0.63759999999999928        3.5382812973035319E-002
   1.8912000000000109E-002 -0.63179999999999925        3.7014116990972304E-002
   1.9840000000000121E-002 -0.62599999999999922        3.8627577300877042E-002
   2.0768000000000134E-002 -0.62019999999999920        4.0223359681027596E-002
   2.1696000000000125E-002 -0.61439999999999917        4.1801628402219355E-002
   2.2624000000000130E-002 -0.60859999999999914        4.3362546241765131E-002
   2.3552000000000135E-002 -0.60279999999999911        4.4906274497360572E-002
   2.4480000000000154E-002 -0.59699999999999909        4.6432973000816780E-002
   2.5408000000000153E-002 -0.59119999999999906        4.7942800131660919E-002
   2.6336000000000144E-002 -0.58539999999999903        4.9435912830606804E-002
   2.7264000000000149E-002 -0.57959999999999900        5.0912466612895994E-002
   2.8192000000000168E-002 -0.57379999999999898        5.2372615581511142E-002
   2.9120000000000174E-002 -0.56799999999999895        5.3816512440262837E-002
   3.0048000000000172E-002 -0.56219999999999892        5.5244308506751223E-002
   3.0976000000000163E-002 -0.55639999999999890        5.6656153725203343E-002
   3.1904000000000182E-002 -0.55059999999999887        5.8052196679187942E-002
   3.2832000000000187E-002 -0.54479999999999884        5.9432584604208222E-002
   3.3760000000000193E-002 -0.53899999999999881        6.0797463400174764E-002
   3.4688000000000191E-002 -0.53319999999999879        6.2146977643758830E-002
   3.5616000000000196E-002 -0.52739999999999876        6.3481270600627929E-002
   3.6544000000000201E-002 -0.52159999999999873        6.4800484237564154E-002
   3.7472000000000207E-002 -0.51579999999999870        6.6104759234467389E-002
   3.8400000000000212E-002 -0.50999999999999868        6.7394234996243474E-002
   3.9328000000000210E-002 -0.50419999999999865        6.8669049664579249E-002
   4.0256000000000215E-002 -0.49839999999999862        6.9929340129605264E-002
   4.1184000000000220E-002 -0.49259999999999859        7.1175242041447276E-002
   4.2112000000000226E-002 -0.48679999999999857        7.2406889821667750E-002
   4.3040000000000231E-002 -0.48099999999999854        7.3624416674598250E-002
   4.3968000000000229E-002 -0.47519999999999851        7.4827954598564186E-002
   4.4896000000000234E-002 -0.46939999999999849        7.6017634397002501E-002
   4.5824000000000240E-002 -0.46359999999999846        7.7193585689473668E-002
   4.6752000000000245E-002 -0.45779999999999843        7.8355936922568939E-002
   4.7680000000000264E-002 -0.45199999999999840        7.9504815380713995E-002
   4.8608000000000248E-002 -0.44619999999999838        8.0640347196869661E-002
   4.9536000000000253E-002 -0.44039999999999835        8.1762657363131500E-002
   5.0464000000000259E-002 -0.43459999999999832        8.2871869741228066E-002
   5.1392000000000278E-002 -0.42879999999999829        8.3968107072920017E-002
   5.2320000000000283E-002 -0.42299999999999827        8.5051490990300280E-002
   5.3248000000000267E-002 -0.41719999999999824        8.6122142025996690E-002
   5.4176000000000273E-002 -0.41139999999999821        8.7180179623277870E-002
   5.5104000000000292E-002 -0.40559999999999818        8.8225722146063071E-002
   5.6032000000000297E-002 -0.39979999999999816        8.9258886888837416E-002
   5.6960000000000302E-002 -0.39399999999999813        9.0279790086473188E-002
   5.7888000000000286E-002 -0.38819999999999810        9.1288546923958089E-002
   5.8816000000000306E-002 -0.38239999999999807        9.2285271546031541E-002
   5.9744000000000311E-002 -0.37659999999999805        9.3270077066729448E-002
   6.0672000000000316E-002 -0.37079999999999802        9.4243075578839222E-002
   6.1600000000000321E-002 -0.36499999999999799        9.5204378163265005E-002
   6.2528000000000319E-002 -0.35919999999999797        9.6154094898304523E-002
   6.3456000000000318E-002 -0.35339999999999794        9.7092334868838309E-002
   6.4384000000000330E-002 -0.34759999999999791        9.8019206175432222E-002
   6.5312000000000342E-002 -0.34179999999999788        9.8934815943353696E-002
   6.6240000000000340E-002 -0.33599999999999786        9.9839270331503388E-002
   6.7168000000000339E-002 -0.33019999999999783       0.10073267454126220     
   6.8096000000000351E-002 -0.32439999999999780       0.10161513282525511     
   6.9024000000000349E-002 -0.31859999999999777       0.10248674849603202     
   6.9952000000000347E-002 -0.31279999999999775       0.10334762393466730     
   7.0880000000000373E-002 -0.30699999999999772       0.10419786059927809     
   7.1808000000000358E-002 -0.30119999999999769       0.10503755903346196     
   7.2736000000000384E-002 -0.29539999999999766       0.10586681887465625     
   7.3664000000000368E-002 -0.28959999999999764       0.10668573886241731     
   7.4592000000000380E-002 -0.28379999999999761       0.10749441684662324     
   7.5520000000000392E-002 -0.27799999999999758       0.10829294979559842     
   7.6448000000000377E-002 -0.27219999999999756       0.10908143380416233     
   7.7376000000000389E-002 -0.26639999999999753       0.10985996410160251     
   7.8304000000000401E-002 -0.26059999999999750       0.11062863505957261     
   7.9232000000000385E-002 -0.25479999999999747       0.11138754019991630     
   8.0160000000000398E-002 -0.24899999999999747       0.11213677220241780     
   8.1088000000000396E-002 -0.24319999999999747       0.11287642291247961     
   8.2016000000000408E-002 -0.23739999999999747       0.11360658334872836     
   8.2944000000000379E-002 -0.23159999999999747       0.11432734371054902     
   8.3872000000000391E-002 -0.22579999999999747       0.11503879338554912     
   8.4800000000000403E-002 -0.21999999999999748       0.11574102095695220     
   8.5728000000000415E-002 -0.21419999999999748       0.11643411421092263     
   8.6656000000000399E-002 -0.20839999999999748       0.11711816014382175     
   8.7584000000000384E-002 -0.20259999999999748       0.11779324496939592     
   8.8512000000000396E-002 -0.19679999999999748       0.11845945412589744     
   8.9440000000000408E-002 -0.19099999999999748       0.11911687228313880     
   9.0368000000000420E-002 -0.18519999999999748       0.11976558334948098     
   9.1296000000000391E-002 -0.17939999999999748       0.12040567047875649     
   9.2224000000000403E-002 -0.17359999999999748       0.12103721607712789     
   9.3152000000000401E-002 -0.16779999999999748       0.12166030180988169     
   9.4080000000000413E-002 -0.16199999999999748       0.12227500860815958     
   9.5008000000000398E-002 -0.15619999999999748       0.12288141667562609     
   9.5936000000000396E-002 -0.15039999999999748       0.12347960549507475     
   9.6864000000000408E-002 -0.14459999999999748       0.12406965383497211     
   9.7792000000000393E-002 -0.13879999999999748       0.12465163975594076     
   9.8720000000000405E-002 -0.13299999999999748       0.12522564061718253     
   9.9648000000000389E-002 -0.12719999999999748       0.12579173308284095     
  0.10057600000000040      -0.12139999999999748       0.12634999312830522     
  0.10150400000000039      -0.11559999999999748       0.12690049604645504     
  0.10243200000000040      -0.10979999999999748       0.12744331645384749     
  0.10336000000000041      -0.10399999999999748       0.12797852829684636     
  0.10428800000000039       -9.8199999999997484E-002  0.12850620485769426     
  0.10521600000000041       -9.2399999999997484E-002  0.12902641876052881     
  0.10614400000000040       -8.6599999999997485E-002  0.12953924197734201     
  0.10707200000000039       -8.0799999999997485E-002  0.13004474583388531     
  0.10800000000000039       -7.4999999999997485E-002  0.13054300101551905     
  0.10892800000000040       -6.9199999999997486E-002  0.13103407757300775     
  0.10985600000000040       -6.3399999999997486E-002  0.13151804492826197     
  0.11078400000000041       -5.7599999999997487E-002  0.13199497188002640     
  0.11171200000000039       -5.1799999999997487E-002  0.13246492660951553     
  0.11264000000000041       -4.5999999999997487E-002  0.13292797668599710     
  0.11356800000000039       -4.0199999999997488E-002  0.13338418907232333     
  0.11449600000000040       -3.4399999999997488E-002  0.13383363013041155     
  0.11542400000000039       -2.8599999999997489E-002  0.13427636562667367     
  0.11635200000000039       -2.2799999999997489E-002  0.13471246073739526     
  0.11728000000000041       -1.6999999999997489E-002  0.13514198005406550     
  0.11820800000000040       -1.1199999999997490E-002  0.13556498758865676     
  0.11913600000000041       -5.3999999999974901E-003  0.13598154677885646     
  0.12006400000000041        4.0000000000250946E-004  0.13639172049324982     
  0.12099200000000039        6.2000000000025091E-003  0.13679557103645490     
  0.12192000000000042        1.2000000000002509E-002  0.13719316015421032     
  0.12284800000000040        1.7800000000002508E-002  0.13758454903841566     
  0.12377600000000041        2.3600000000002508E-002  0.13796979833212605     
  0.12470400000000038        2.9400000000002507E-002  0.13834896813449937     
  0.12563200000000038        3.5200000000002507E-002  0.13872211800569945     
  0.12656000000000039        4.1000000000002507E-002  0.13908930697175251     
  0.12748800000000038        4.6800000000002506E-002  0.13945059352935962     
  0.12841600000000042        5.2600000000002506E-002  0.13980603565066502     
  0.12934400000000040        5.8400000000002505E-002  0.14015569078797957     
  0.13027200000000042        6.4200000000002505E-002  0.14049961587846171     
  0.13120000000000040        7.0000000000002505E-002  0.14083786734875470     
  0.13212800000000038        7.5800000000002504E-002  0.14117050111958124     
  0.13305600000000040        8.1600000000002504E-002  0.14149757261029611     
  0.13398400000000038        8.7400000000002503E-002  0.14181913674339647     
  0.13491200000000039        9.3200000000002503E-002  0.14213524794899121     
  0.13584000000000038        9.9000000000002503E-002  0.14244596016922859     
  0.13676800000000039       0.10480000000000250       0.14275132686268388     
  0.13769600000000037       0.11060000000000250       0.14305140100870606     
  0.13862400000000041       0.11640000000000250       0.14334623511172528     
  0.13955200000000043       0.12220000000000250       0.14363588120551973     
  0.14048000000000038       0.12800000000000250       0.14392039085744462     
  0.14140800000000039       0.13380000000000250       0.14419981517262148     
  0.14233600000000038       0.13960000000000250       0.14447420479808926     
  0.14326400000000039       0.14540000000000250       0.14474360992691757     
  0.14419200000000038       0.15120000000000250       0.14500808030228171     
  0.14512000000000039       0.15700000000000250       0.14526766522150120     
  0.14604800000000040       0.16280000000000250       0.14552241354004053     
  0.14697600000000038       0.16860000000000250       0.14577237367547341     
  0.14790400000000042       0.17440000000000250       0.14601759361141142     
  0.14883200000000038       0.18020000000000250       0.14625812090139562     
  0.14976000000000039       0.18600000000000250       0.14649400267275359     
  0.15068800000000038       0.19180000000000250       0.14672528563042048     
  0.15161600000000039       0.19760000000000250       0.14695201606072555     
  0.15254400000000040       0.20340000000000250       0.14717423983514383     
  0.15347200000000041       0.20920000000000250       0.14739200241401365     
  0.15440000000000040       0.21500000000000249       0.14760534885022031     
  0.15532800000000038       0.22080000000000249       0.14781432379284601     
  0.15625600000000039       0.22660000000000249       0.14801897149078638     
  0.15718400000000038       0.23240000000000249       0.14821933579633406     
  0.15811200000000039       0.23820000000000249       0.14841546016873000     
  0.15904000000000040       0.24400000000000249       0.14860738767768167     
  0.15996800000000042       0.24980000000000249       0.14879516100684967     
  0.16089600000000040       0.25560000000000249       0.14897882245730251     
  0.16182400000000041       0.26140000000000252       0.14915841395094007     
  0.16275200000000040       0.26720000000000255       0.14933397703388532     
  0.16368000000000041       0.27300000000000257       0.14950555287984596     
  0.16460800000000042       0.27880000000000260       0.14967318229344481     
  0.16553600000000043       0.28460000000000263       0.14983690571352026     
  0.16646400000000042       0.29040000000000266       0.14999676321639668     
  0.16739200000000040       0.29620000000000268       0.15015279451912492     
  0.16832000000000044       0.30200000000000271       0.15030503898269360     
  0.16924800000000045       0.30780000000000274       0.15045353561521110     
  0.17017600000000044       0.31360000000000277       0.15059832307505858     
  0.17110400000000042       0.31940000000000279       0.15073943967401454     
  0.17203200000000046       0.32520000000000282       0.15087692338035111     
  0.17296000000000045       0.33100000000000285       0.15101081182190171     
  0.17388800000000046       0.33680000000000287       0.15114114228910167     
  0.17481600000000044       0.34260000000000290       0.15126795173800064     
  0.17574400000000046       0.34840000000000293       0.15139127679324810     
  0.17667200000000050       0.35420000000000296       0.15151115375105156     
  0.17760000000000048       0.36000000000000298       0.15162761858210810     
  0.17852800000000046       0.36580000000000301       0.15174070693450942     
  0.17945600000000048       0.37160000000000304       0.15185045413662043     
  0.18038400000000049       0.37740000000000307       0.15195689519993194     
  0.18131200000000047       0.38320000000000309       0.15206006482188747     
  0.18224000000000051       0.38900000000000312       0.15215999738868455     
  0.18316800000000052       0.39480000000000315       0.15225672697805057     
  0.18409600000000054       0.40060000000000318       0.15235028736199382     
  0.18502400000000049       0.40640000000000320       0.15244071200952936     
  0.18595200000000051       0.41220000000000323       0.15252803408938051     
  0.18688000000000049       0.41800000000000326       0.15261228647265573     
  0.18780800000000053       0.42380000000000329       0.15269350173550184     
  0.18873600000000051       0.42960000000000331       0.15277171216173230     
  0.18966400000000053       0.43540000000000334       0.15284694974543309     
  0.19059200000000054       0.44120000000000337       0.15291924619354411     
  0.19152000000000058       0.44700000000000339       0.15298863292841758     
  0.19244800000000056       0.45280000000000342       0.15305514109035365     
  0.19337600000000052       0.45860000000000345       0.15311880154011276     
  0.19430400000000053       0.46440000000000348       0.15317964486140595     
  0.19523200000000057       0.47020000000000350       0.15323770136336201     
  0.19616000000000056       0.47600000000000353       0.15329300108297292     
  0.19708800000000057       0.48180000000000356       0.15334557378751740     
  0.19801600000000058       0.48760000000000359       0.15339544897696222     
  0.19894400000000059       0.49340000000000361       0.15344265588634223     
  0.19987200000000060       0.49920000000000364       0.15348722348811913     
  0.20080000000000059       0.50500000000000367       0.15352918049451855     
  0.20172800000000060       0.51080000000000370       0.15356855535984676     
  0.20265600000000061       0.51660000000000372       0.15360537628278609     
  0.20358400000000057       0.52240000000000375       0.15363967120866984     
  0.20451200000000058       0.52820000000000378       0.15367146783173732     
  0.20544000000000062       0.53400000000000380       0.15370079359736788     
  0.82070399999998900        4.3793999999999311       0.12598645476747772     
  0.82163199999998893        4.3851999999999309       0.12629131660855508     
  0.82255999999998886        4.3909999999999307       0.12660041648139947     
  0.82348799999998890        4.3967999999999305       0.12691381809779589     
  0.82441599999998894        4.4025999999999303       0.12723158652428229     
  0.82534399999998875        4.4083999999999302       0.12755378821813801     
  0.82627199999998879        4.4141999999999300       0.12788049106452740     
  0.82719999999998872        4.4199999999999298       0.12821176441483748     
  0.82812799999998865        4.4257999999999296       0.12854767912625958     
  0.82905599999998869        4.4315999999999294       0.12888830760265907     
  0.82998399999998862        4.4373999999999292       0.12923372383678300     
  0.83091199999998855        4.4431999999999290       0.12958400345385834     
  0.83183999999998859        4.4489999999999288       0.12993922375663355     
  0.83276799999998863        4.4547999999999286       0.13029946377191795     
  0.83369599999998856        4.4605999999999284       0.13066480429868138     
  0.83462399999998849        4.4663999999999282       0.13103532795777179     
  0.83555199999998853        4.4721999999999280       0.13141111924331636     
  0.83647999999998834        4.4779999999999278       0.13179226457587206     
  0.83740799999998838        4.4837999999999276       0.13217885235739751     
  0.83833599999998842        4.4895999999999274       0.13257097302811638     
  0.83926399999998835        4.4953999999999272       0.13296871912535135     
  0.84019199999998828        4.5011999999999270       0.13337218534440801     
  0.84111999999998832        4.5069999999999268       0.13378146860159151     
  0.84204799999998825        4.5127999999999266       0.13419666809944411     
  0.84297599999998818        4.5185999999999265       0.13461788539429773     
  0.84390399999998822        4.5243999999999263       0.13504522446623349     
  0.84483199999998815        4.5301999999999261       0.13547879179155314     
  0.84575999999998808        4.5359999999999259       0.13591869641786622     
  0.84668799999998812        4.5417999999999257       0.13636505004190333     
  0.84761599999998816        4.5475999999999255       0.13681796709017321     
  0.84854399999998797        4.5533999999999253       0.13727756480258427     
  0.84947199999998801        4.5591999999999251       0.13774396331916045     
  0.85039999999998794        4.5649999999999249       0.13821728576998196     
  0.85132799999998787        4.5707999999999247       0.13869765836849640     
  0.85225599999998791        4.5765999999999245       0.13918521050834579     
  0.85318399999998784        4.5823999999999243       0.13968007486386438     
  0.85411199999998777        4.5881999999999241       0.14018238749441411     
  0.85503999999998781        4.5939999999999239       0.14069228795272581     
  0.85596799999998785        4.5997999999999237       0.14120991939742816     
  0.85689599999998778        4.6055999999999235       0.14173542870995681     
  0.85782399999998771        4.6113999999999233       0.14226896661603999     
  0.85875199999998775        4.6171999999999231       0.14281068781197392     
  0.85967999999998757        4.6229999999999229       0.14336075109590779     
  0.86060799999998761        4.6287999999999228       0.14391931950437437     
  0.86153599999998765        4.6345999999999226       0.14448656045430847     
  0.86246399999998757        4.6403999999999224       0.14506264589081652     
  0.86339199999998750        4.6461999999999222       0.14564775244096870     
  0.86431999999998754        4.6519999999999220       0.14624206157390157     
  0.86524799999998747        4.6577999999999218       0.14684575976753528     
  0.86617599999998740        4.6635999999999216       0.14745903868223018     
  0.86710399999998744        4.6693999999999214       0.14808209534171521     
  0.86803199999998737        4.6751999999999212       0.14871513232165265     
  0.86895999999998730        4.6809999999999210       0.14935835794621433     
  0.86988799999998734        4.6867999999999208       0.15001198649306879     
  0.87081599999998727        4.6925999999999206       0.15067623840720515     
  0.87174399999998731        4.6983999999999204       0.15135134052403859     
  0.87267199999998724        4.7041999999999202       0.15203752630227199     
  0.87359999999998716        4.7099999999999200       0.15273503606701636     
  0.87452799999998709        4.7157999999999198       0.15344411726369753     
  0.87545599999998713        4.7215999999999196       0.15416502472331728     
  0.87638399999998717        4.7273999999999194       0.15489802093965871     
  0.87731199999998699        4.7331999999999192       0.15564337635907532     
  0.87823999999998703        4.7389999999999191       0.15640136968353116     
  0.87916799999998707        4.7447999999999189       0.15717228818760204     
  0.88009599999998689        4.7505999999999187       0.15795642805020133     
  0.88102399999998693        4.7563999999999185       0.15875409470182861     
  0.88195199999998697        4.7621999999999183       0.15956560318819538     
  0.88287999999998679        4.7679999999999181       0.16039127855114008     
  0.88380799999998683        4.7737999999999179       0.16123145622779617     
  0.88473599999998687        4.7795999999999177       0.16208648246904062     
  0.88566399999998680        4.7853999999999175       0.16295671477832238     
  0.88659199999998672        4.7911999999999173       0.16384252237203564     
  0.88751999999998676        4.7969999999999171       0.16474428666268115     
  0.88844799999998669        4.8027999999999169       0.16566240176614394     
  0.88937599999998662        4.8085999999999167       0.16659727503450572     
  0.89030399999998666        4.8143999999999165       0.16754932761589936     
  0.89123199999998659        4.8201999999999163       0.16851899504302401     
  0.89215999999998652        4.8259999999999161       0.16950672785204710     
  0.89308799999998656        4.8317999999999159       0.17051299223373739     
  0.89401599999998649        4.8375999999999157       0.17153827071880665     
  0.89494399999998653        4.8433999999999156       0.17258306289957487     
  0.89587199999998646        4.8491999999999154       0.17364788619022381     
  0.89679999999998639        4.8549999999999152       0.17473327662807045     
  0.89772799999998631        4.8607999999999150       0.17583978971846109     
  0.89865599999998635        4.8665999999999148       0.17696800132608909     
  0.89958399999998639        4.8723999999999146       0.17811850861573128     
  0.90051199999998621        4.8781999999999144       0.17929193104563718     
  0.90143999999998625        4.8839999999999142       0.18048891141703838     
  0.90236799999998629        4.8897999999999140       0.18171011698350745     
  0.90329599999998611        4.8955999999999138       0.18295624062419646     
  0.90422399999998615        4.9013999999999136       0.18422800208528053     
  0.90515199999998619        4.9071999999999134       0.18552614929427716     
  0.90607999999998601        4.9129999999999132       0.18685145975228698     
  0.90700799999998605        4.9187999999999130       0.18820474200959719     
  0.90793599999998609        4.9245999999999128       0.18958683723052483     
  0.90886399999998602        4.9303999999999126       0.19099862085386785     
  0.90979199999998595        4.9361999999999124       0.19244100435584699     
  0.91071999999998599        4.9419999999999122       0.19391493712299096     
  0.91164799999998591        4.9477999999999120       0.19542140844305289     
  0.91257599999998584        4.9535999999999119       0.19696144962273113     
  0.91350399999998588        4.9593999999999117       0.19853613624170779     
  0.91443199999998581        4.9651999999999115       0.20014659055336417     
  0.91535999999998574        4.9709999999999113       0.20179398404342511     
  0.91628799999998578        4.9767999999999111       0.20347954015878714     
  0.91721599999998571        4.9825999999999109       0.20520453721988605     
  0.91814399999998575        4.9883999999999107       0.20697031153117093     
  0.91907199999998568        4.9941999999999105       0.20877826070558186     
