  0.20636800000000063       0.53980000000000383       0.15372767570429510     
  0.20729600000000062       0.54560000000000386       0.15375214110680177     
  0.20822400000000060       0.55140000000000389       0.15377421651689444     
  0.20915200000000062       0.55720000000000391       0.15379392840645892     
  0.21008000000000066       0.56300000000000394       0.15381130300939616     
  0.21100800000000064       0.56880000000000397       0.15382636632373936     
  0.21193600000000062       0.57460000000000400       0.15383914411375196     
  0.21286400000000064       0.58040000000000402       0.15384966191200702     
  0.21379200000000065       0.58620000000000405       0.15385794502144756     
  0.21472000000000063       0.59200000000000408       0.15386401851742909     
  0.21564800000000064       0.59780000000000411       0.15386790724974342     
  0.21657600000000066       0.60360000000000413       0.15386963584462476     
  0.21750400000000067       0.60940000000000416       0.15386922870673761     
  0.21843200000000068       0.61520000000000419       0.15386671002114685     
  0.21936000000000067       0.62100000000000422       0.15386210375527087     
  0.22028800000000068       0.62680000000000424       0.15385543366081644     
  0.22121600000000069       0.63260000000000427       0.15384672327569685     
  0.22214400000000067       0.63840000000000430       0.15383599592593267     
  0.22307200000000066       0.64420000000000432       0.15382327472753607     
  0.22400000000000070       0.65000000000000435       0.15380858258837782     
  0.22492800000000071       0.65580000000000438       0.15379194221003764     
  0.22585600000000070       0.66160000000000441       0.15377337608963856     
  0.22678400000000068       0.66740000000000443       0.15375290652166462     
  0.22771200000000069       0.67320000000000446       0.15373055559976254     
  0.22864000000000073       0.67900000000000449       0.15370634521852705     
  0.22956800000000074       0.68480000000000452       0.15368029707527084     
  0.23049600000000070       0.69060000000000454       0.15365243267177839     
  0.23142400000000071       0.69640000000000457       0.15362277331604465     
  0.23235200000000072       0.70220000000000460       0.15359134012399753     
  0.23328000000000071       0.70800000000000463       0.15355815402120593     
  0.23420800000000072       0.71380000000000465       0.15352323574457216     
  0.23513600000000073       0.71960000000000468       0.15348660584400936     
  0.23606400000000075       0.72540000000000471       0.15344828468410432     
  0.23699200000000076       0.73120000000000474       0.15340829244576501     
  0.23792000000000074       0.73700000000000476       0.15336664912785425     
  0.23884800000000078       0.74280000000000479       0.15332337454880832     
  0.23977600000000079       0.74860000000000482       0.15327848834824145     
  0.24070400000000075       0.75440000000000484       0.15323200998853612     
  0.24163200000000074       0.76020000000000487       0.15318395875641935     
  0.24256000000000077       0.76600000000000490       0.15313435376452478     
  0.24348800000000079       0.77180000000000493       0.15308321395294130     
  0.24441600000000080       0.77760000000000495       0.15303055809074759     
  0.24534400000000078       0.78340000000000498       0.15297640477753360     
  0.24627200000000082       0.78920000000000501       0.15292077244490818     
  0.24720000000000081       0.79500000000000504       0.15286367935799344     
  0.24812800000000082       0.80080000000000506       0.15280514361690617     
  0.24905600000000078       0.80660000000000509       0.15274518315822588     
  0.24998400000000079       0.81240000000000512       0.15268381575645024     
  0.25091200000000080       0.81820000000000515       0.15262105902543729     
  0.25184000000000084       0.82400000000000517       0.15255693041983537     
  0.25276800000000083       0.82980000000000520       0.15249144723649974     
  0.25369600000000081       0.83560000000000523       0.15242462661589801     
  0.25462400000000085       0.84140000000000525       0.15235648554350170     
  0.25555200000000083       0.84720000000000528       0.15228704085116646     
  0.25648000000000082       0.85300000000000531       0.15221630921849999     
  0.25740800000000086       0.85880000000000534       0.15214430717421806     
  0.25833600000000090       0.86460000000000536       0.15207105109748809     
  0.25926400000000083       0.87040000000000539       0.15199655721926122     
  0.26019200000000087       0.87620000000000542       0.15192084162359354     
  0.26112000000000085       0.88200000000000545       0.15184392024895355     
  0.26204800000000089       0.88780000000000547       0.15176580888952088     
  0.26297600000000088       0.89360000000000550       0.15168652319647119     
  0.26390400000000086       0.89940000000000553       0.15160607867925155     
  0.26483200000000090       0.90520000000000556       0.15152449070684371     
  0.26576000000000088       0.91100000000000558       0.15144177450901627     
  0.26668800000000092       0.91680000000000561       0.15135794517756671     
  0.26761600000000085       0.92260000000000564       0.15127301766755125     
  0.26854400000000089       0.92840000000000567       0.15118700679850569     
  0.26947200000000093       0.93420000000000569       0.15109992725565352     
  0.27040000000000092       0.94000000000000572       0.15101179359110511     
  0.27132800000000090       0.94580000000000575       0.15092262022504579     
  0.27225600000000094       0.95160000000000577       0.15083242144691339     
  0.27318400000000093       0.95740000000000580       0.15074121141656582     
  0.27411200000000091       0.96320000000000583       0.15064900416543822     
  0.27504000000000095       0.96900000000000586       0.15055581359769038     
  0.27596800000000099       0.97480000000000588       0.15046165349134341     
  0.27689600000000097       0.98060000000000591       0.15036653749940748     
  0.27782400000000096       0.98640000000000594       0.15027047915099898     
  0.27875200000000094       0.99220000000000597       0.15017349185244827     
  0.27968000000000093       0.99800000000000599       0.15007558888839762     
  0.28060800000000097        1.0038000000000060       0.14997678342288992     
  0.28153600000000095        1.0096000000000060       0.14987708850044737     
  0.28246400000000094        1.0154000000000061       0.14977651704714148     
  0.28339200000000098        1.0212000000000061       0.14967508187165315     
  0.28432000000000102        1.0270000000000061       0.14957279566632381     
  0.28524800000000095        1.0328000000000062       0.14946967100819755     
  0.28617600000000099        1.0386000000000062       0.14936572036005405     
  0.28710400000000097        1.0444000000000062       0.14926095607143247     
  0.28803200000000101        1.0502000000000062       0.14915539037964673     
  0.28896000000000099        1.0560000000000063       0.14904903541079162     
  0.28988800000000103        1.0618000000000063       0.14894190318074063     
  0.29081600000000102        1.0676000000000063       0.14883400559613472     
  0.29174400000000100        1.0734000000000063       0.14872535445536297     
  0.29267200000000104        1.0792000000000064       0.14861596144953423     
  0.29360000000000097        1.0850000000000064       0.14850583816344082     
  0.29452800000000101        1.0908000000000064       0.14839499607651382     
  0.29545600000000105        1.0966000000000065       0.14828344656376971     
  0.29638400000000098        1.1024000000000065       0.14817120089674937     
  0.29731200000000102        1.1082000000000065       0.14805827024444895     
  0.29824000000000106        1.1140000000000065       0.14794466567424197     
  0.29916800000000110        1.1198000000000066       0.14783039815279464     
  0.30009600000000103        1.1256000000000066       0.14771547854697206     
  0.30102400000000107        1.1314000000000066       0.14759991762473804     
  0.30195200000000105        1.1372000000000066       0.14748372605604559     
  0.30288000000000109        1.1430000000000067       0.14736691441372093     
  0.30380800000000108        1.1488000000000067       0.14724949317433950     
  0.30473600000000106        1.1546000000000067       0.14713147271909430     
  0.30566400000000105        1.1604000000000068       0.14701286333465730     
  0.30659200000000109        1.1662000000000068       0.14689367521403246     
  0.30752000000000107        1.1720000000000068       0.14677391845740273     
  0.30844800000000105        1.1778000000000068       0.14665360307296865     
  0.30937600000000109        1.1836000000000069       0.14653273897778066     
  0.31030400000000113        1.1894000000000069       0.14641133599856335     
  0.31123200000000112        1.1952000000000069       0.14628940387253361     
  0.31216000000000110        1.2010000000000070       0.14616695224821133     
  0.31308800000000114        1.2068000000000070       0.14604399068622279     
  0.31401600000000113        1.2126000000000070       0.14592052866009819     
  0.31494400000000111        1.2184000000000070       0.14579657555706121     
  0.31587200000000110        1.2242000000000071       0.14567214067881293     
  0.31680000000000114        1.2300000000000071       0.14554723324230809     
  0.31772800000000112        1.2358000000000071       0.14542186238052546     
  0.31865600000000116        1.2416000000000071       0.14529603714323133     
  0.31958400000000109        1.2474000000000072       0.14516976649773647     
  0.32051200000000113        1.2532000000000072       0.14504305932964703     
  0.32144000000000117        1.2590000000000072       0.14491592444360837     
  0.32236800000000115        1.2648000000000073       0.14478837056404331     
  0.32329600000000114        1.2706000000000073       0.14466040633588362     
  0.32422400000000118        1.2764000000000073       0.14453204032529568     
  0.32515200000000116        1.2822000000000073       0.14440328102039943     
  0.32608000000000115        1.2880000000000074       0.14427413683198206     
  0.32700800000000119        1.2938000000000074       0.14414461609420490     
  0.32793600000000117        1.2996000000000074       0.14401472706530469     
  0.32886400000000116        1.3054000000000074       0.14388447792828901     
  0.32979200000000120        1.3112000000000075       0.14375387679162552     
  0.33072000000000118        1.3170000000000075       0.14362293168992574     
  0.33164800000000116        1.3228000000000075       0.14349165058462274     
  0.33257600000000120        1.3286000000000076       0.14336004136464359     
  0.33350400000000124        1.3344000000000076       0.14322811184707554     
  0.33443200000000117        1.3402000000000076       0.14309586977782690     
  0.33536000000000121        1.3460000000000076       0.14296332283228283     
  0.33628800000000125        1.3518000000000077       0.14283047861595474     
  0.33721600000000118        1.3576000000000077       0.14269734466512465     
  0.33814400000000122        1.3634000000000077       0.14256392844748478     
  0.33907200000000126        1.3692000000000077       0.14243023736277047     
  0.34000000000000130        1.3750000000000078       0.14229627874338896     
  0.34092800000000123        1.3808000000000078       0.14216205985504232     
  0.34185600000000127        1.3866000000000078       0.14202758789734565     
  0.34278400000000125        1.3924000000000079       0.14189287000443948     
  0.34371200000000124        1.3982000000000079       0.14175791324559747     
  0.34464000000000128        1.4040000000000079       0.14162272462582928     
  0.34556800000000121        1.4098000000000079       0.14148731108647772     
  0.34649600000000125        1.4156000000000080       0.14135167950581190     
  0.34742400000000129        1.4214000000000080       0.14121583669961446     
  0.34835200000000127        1.4272000000000080       0.14107978942176441     
  0.34928000000000126        1.4330000000000080       0.14094354436481568     
  0.35020800000000130        1.4388000000000081       0.14080710816056966     
  0.35113600000000128        1.4446000000000081       0.14067048738064405     
  0.35206400000000126        1.4504000000000081       0.14053368853703657     
  0.35299200000000130        1.4562000000000082       0.14039671808268420     
  0.35392000000000134        1.4620000000000082       0.14025958241201747     
  0.35484800000000133        1.4678000000000082       0.14012228786151068     
  0.35577600000000131        1.4736000000000082       0.13998484071022718     
  0.35670400000000130        1.4794000000000083       0.13984724718036051     
  0.35763200000000128        1.4852000000000083       0.13970951343777099     
  0.35856000000000132        1.4910000000000083       0.13957164559251747     
  0.35948800000000136        1.4968000000000083       0.13943364969938551     
  0.36041600000000135        1.5026000000000084       0.13929553175841075     
  0.36134400000000133        1.5084000000000084       0.13915729771539817     
  0.36227200000000137        1.5142000000000084       0.13901895346243692     
  0.36320000000000136        1.5200000000000085       0.13888050483841141     
  0.36412800000000134        1.5258000000000085       0.13874195762950753     
  0.36505600000000132        1.5316000000000085       0.13860331756971567     
  0.36598400000000131        1.5374000000000085       0.13846459034132874     
  0.36691200000000135        1.5432000000000086       0.13832578157543685     
  0.36784000000000139        1.5490000000000086       0.13818689685241772     
  0.36876800000000137        1.5548000000000086       0.13804794170242299     
  0.36969600000000136        1.5606000000000086       0.13790892160586105     
  0.37062400000000140        1.5664000000000087       0.13776984199387537     
  0.37155200000000133        1.5722000000000087       0.13763070824881968     
  0.37248000000000137        1.5780000000000087       0.13749152570472872     
  0.37340800000000141        1.5838000000000088       0.13735229964778559     
  0.37433600000000139        1.5896000000000088       0.13721303531678514     
  0.37526400000000137        1.5954000000000088       0.13707373790359412     
  0.37619200000000141        1.6012000000000088       0.13693441255360697     
  0.37712000000000145        1.6070000000000089       0.13679506436619832     
  0.37804800000000138        1.6128000000000089       0.13665569839517216     
  0.37897600000000142        1.6186000000000089       0.13651631964920713     
  0.37990400000000146        1.6244000000000089       0.13637693309229826     
  0.38083200000000145        1.6302000000000090       0.13623754364419516     
  0.38176000000000143        1.6360000000000090       0.13609815618083748     
  0.38268800000000142        1.6418000000000090       0.13595877553478580     
  0.38361600000000140        1.6476000000000091       0.13581940649564980     
  0.38454400000000144        1.6534000000000091       0.13568005381051326     
  0.38547200000000148        1.6592000000000091       0.13554072218435523     
  0.38640000000000141        1.6650000000000091       0.13540141628046815     
  0.38732800000000145        1.6708000000000092       0.13526214072087278     
  0.38825600000000149        1.6766000000000092       0.13512290008672967     
  0.38918400000000147        1.6824000000000092       0.13498369891874770     
  0.39011200000000146        1.6882000000000092       0.13484454171758944     
  0.39104000000000150        1.6940000000000093       0.13470543294427298     
  0.39196800000000154        1.6998000000000093       0.13456637702057125     
  0.39289600000000147        1.7056000000000093       0.13442737832940768     
  0.39382400000000151        1.7114000000000094       0.13428844121524949     
  0.39475200000000149        1.7172000000000094       0.13414956998449737     
  0.39568000000000153        1.7230000000000094       0.13401076890587232     
  0.39660800000000151        1.7288000000000094       0.13387204221079974     
  0.39753600000000150        1.7346000000000095       0.13373339409379062     
  0.39846400000000148        1.7404000000000095       0.13359482871281961     
  0.39939200000000152        1.7462000000000095       0.13345635018970017     
  0.40032000000000156        1.7520000000000095       0.13331796261045734     
  0.40124800000000149        1.7578000000000096       0.13317967002569700     
  0.40217600000000153        1.7636000000000096       0.13304147645097347     
  0.40310400000000152        1.7694000000000096       0.13290338586715306     
  0.40403200000000150        1.7752000000000097       0.13276540222077560     
  0.40496000000000154        1.7810000000000097       0.13262752942441344     
  0.40588800000000158        1.7868000000000097       0.13248977135702739     
  0.40681600000000157        1.7926000000000097       0.13235213186432015     
  0.40774400000000155        1.7984000000000098       0.13221461475908722     
  0.40867200000000153        1.8042000000000098       0.13207722382156542     
  0.40960000000000157        1.8100000000000098       0.13193996279977802     
  0.41052800000000156        1.8158000000000099       0.13180283540987858     
  0.41145600000000154        1.8216000000000099       0.13166584533649120     
  0.41238400000000153        1.8274000000000099       0.13152899623304901     
  0.41331200000000157        1.8332000000000099       0.13139229172213010     
  0.41424000000000161        1.8390000000000100       0.13125573539579027     
  0.41516800000000159        1.8448000000000100       0.13111933081589475     
  0.41609600000000158        1.8506000000000100       0.13098308151444629     
  0.41702400000000162        1.8564000000000100       0.13084699099391189     
  0.41795200000000166        1.8622000000000101       0.13071106272754621     
  0.41888000000000158        1.8680000000000101       0.13057530015971366     
  0.41980800000000162        1.8738000000000101       0.13043970670620769     
  0.42073600000000161        1.8796000000000102       0.13030428575456804     
  0.42166400000000159        1.8854000000000102       0.13016904066439536     
  0.42259200000000163        1.8912000000000102       0.13003397476766435     
  0.42352000000000162        1.8970000000000102       0.12989909136903419     
  0.42444800000000160        1.9028000000000103       0.12976439374615698     
  0.42537600000000164        1.9086000000000103       0.12962988514998419     
  0.42630400000000168        1.9144000000000103       0.12949556880507068     
  0.42723200000000161        1.9202000000000103       0.12936144790987703     
  0.42816000000000165        1.9260000000000104       0.12922752563706982     
  0.42908800000000169        1.9318000000000104       0.12909380513381946     
  0.43001600000000162        1.9376000000000104       0.12896028952209629     
  0.43094400000000166        1.9434000000000105       0.12882698189896510     
  0.43187200000000170        1.9492000000000105       0.12869388533687690     
  0.43280000000000174        1.9550000000000105       0.12856100288395930     
  0.43372800000000167        1.9608000000000105       0.12842833756430505     
  0.43465600000000171        1.9666000000000106       0.12829589237825828     
  0.43558400000000169        1.9724000000000106       0.12816367030269915     
  0.43651200000000168        1.9782000000000106       0.12803167429132672     
  0.43744000000000172        1.9840000000000106       0.12789990727494002     
  0.43836800000000165        1.9898000000000107       0.12776837216171671     
  0.43929600000000169        1.9956000000000107       0.12763707183749126     
  0.44022400000000167        2.0014000000000105       0.12750600916602994     
  0.44115200000000165        2.0072000000000103       0.12737518698930497     
  0.44208000000000158        2.0130000000000101       0.12724460812776697     
  0.44300800000000151        2.0188000000000099       0.12711427538061518     
  0.44393600000000155        2.0246000000000097       0.12698419152606663     
  0.44486400000000148        2.0304000000000095       0.12685435932162298     
  0.44579200000000152        2.0362000000000093       0.12672478150433678     
  0.44672000000000145        2.0420000000000091       0.12659546079107489     
  0.44764800000000149        2.0478000000000089       0.12646639987878142     
  0.44857600000000136        2.0536000000000088       0.12633760144473818     
  0.44950400000000135        2.0594000000000086       0.12620906814682470     
  0.45043200000000133        2.0652000000000084       0.12608080262377547     
  0.45136000000000132        2.0710000000000082       0.12595280749543677     
  0.45228800000000124        2.0768000000000080       0.12582508536302126     
  0.45321600000000128        2.0826000000000078       0.12569763880936188     
  0.45414400000000116        2.0884000000000076       0.12557047039916333     
  0.45507200000000125        2.0942000000000074       0.12544358267925343     
  0.45600000000000107        2.1000000000000072       0.12531697817883161     
  0.45692800000000117        2.1058000000000070       0.12519065940971752     
  0.45785600000000104        2.1116000000000068       0.12506462886659697     
  0.45878400000000108        2.1174000000000066       0.12493888902726787     
  0.45971200000000101        2.1232000000000064       0.12481344235288319     
  0.46064000000000099        2.1290000000000062       0.12468829128819474     
  0.46156800000000092        2.1348000000000060       0.12456343826179350     
  0.46249600000000096        2.1406000000000058       0.12443888568635077     
  0.46342400000000084        2.1464000000000056       0.12431463595885613     
  0.46435200000000088        2.1522000000000054       0.12419069146085600     
  0.46528000000000080        2.1580000000000052       0.12406705455868956     
  0.46620800000000084        2.1638000000000051       0.12394372760372457     
  0.46713600000000077        2.1696000000000049       0.12382071293259130     
  0.46806400000000076        2.1754000000000047       0.12369801286741600     
  0.46899200000000074        2.1812000000000045       0.12357562971605253     
  0.46992000000000067        2.1870000000000043       0.12345356577231363     
  0.47084800000000060        2.1928000000000041       0.12333182331620052     
  0.47177600000000064        2.1986000000000039       0.12321040461413217     
  0.47270400000000051        2.2044000000000037       0.12308931191917244     
  0.47363200000000061        2.2102000000000035       0.12296854747125781     
  0.47456000000000054        2.2160000000000033       0.12284811349742221     
  0.47548800000000052        2.2218000000000031       0.12272801221202266     
  0.47641600000000045        2.2276000000000029       0.12260824581696284     
  0.47734400000000043        2.2334000000000027       0.12248881650191636     
  0.47827200000000036        2.2392000000000025       0.12236972644454838     
  0.47920000000000040        2.2450000000000023       0.12225097781073745     
  0.48012800000000028        2.2508000000000021       0.12213257275479529     
  0.48105600000000032        2.2566000000000019       0.12201451341968683     
  0.48198400000000025        2.2624000000000017       0.12189680193724829     
  0.48291200000000023        2.2682000000000015       0.12177944042840581     
  0.48384000000000016        2.2740000000000014       0.12166243100339189     
  0.48476800000000025        2.2798000000000012       0.12154577576196196     
  0.48569600000000013        2.2856000000000010       0.12142947679360991     
  0.48662400000000011        2.2914000000000008       0.12131353617778330     
  0.48755200000000010        2.2972000000000006       0.12119795598409684     
  0.48848000000000003        2.3030000000000004       0.12108273827254649     
  0.48940800000000001        2.3088000000000002       0.12096788509372178     
  0.49033599999999999        2.3146000000000000       0.12085339848901833     
  0.49126399999999992        2.3203999999999998       0.12073928049084891     
  0.49219199999999996        2.3261999999999996       0.12062553312285504     
  0.49311999999999989        2.3319999999999994       0.12051215840011643     
  0.49404799999999993        2.3377999999999992       0.12039915832936156     
  0.49497599999999981        2.3435999999999990       0.12028653490917610     
  0.49590399999999979        2.3493999999999988       0.12017429013021237     
  0.49683199999999972        2.3551999999999986       0.12006242597539686     
  0.49775999999999976        2.3609999999999984       0.11995094442013830     
  0.49868799999999969        2.3667999999999982       0.11983984743253442     
  0.49961599999999973        2.3725999999999980       0.11972913697357936     
  0.50054399999999966        2.3783999999999978       0.11961881499736914     
  0.50147199999999970        2.3841999999999977       0.11950888345130845     
  0.50239999999999951        2.3899999999999975       0.11939934427631542     
  0.50332799999999955        2.3957999999999973       0.11929019940702741     
  0.50425599999999948        2.4015999999999971       0.11918145077200518     
  0.50518399999999941        2.4073999999999969       0.11907310029393794     
  0.50611199999999945        2.4131999999999967       0.11896514988984699     
  0.50703999999999949        2.4189999999999965       0.11885760147129022     
  0.50796799999999931        2.4247999999999963       0.11875045694456481     
  0.50889599999999935        2.4305999999999961       0.11864371821091182     
  0.50982399999999928        2.4363999999999959       0.11853738716671808     
  0.51075199999999932        2.4421999999999957       0.11843146570372001     
  0.51167999999999925        2.4479999999999955       0.11832595570920594     
  0.51260799999999929        2.4537999999999953       0.11822085906621892     
  0.51353599999999922        2.4595999999999951       0.11811617765375884     
  0.51446399999999914        2.4653999999999949       0.11801191334698533     
  0.51539199999999918        2.4711999999999947       0.11790806801741946     
  0.51631999999999911        2.4769999999999945       0.11780464353314593     
  0.51724799999999904        2.4827999999999943       0.11770164175901557     
  0.51817599999999908        2.4885999999999942       0.11759906455684714     
  0.51910399999999890        2.4943999999999940       0.11749691378562910     
  0.52003199999999894        2.5001999999999938       0.11739519130172248     
  0.52095999999999898        2.5059999999999936       0.11729389895906213     
  0.52188799999999902        2.5117999999999934       0.11719303860935920     
  0.52281599999999884        2.5175999999999932       0.11709261210230343     
  0.52374399999999888        2.5233999999999930       0.11699262128576572     
  0.52467199999999881        2.5291999999999928       0.11689306800599990     
  0.52559999999999885        2.5349999999999926       0.11679395410784596     
  0.52652799999999877        2.5407999999999924       0.11669528143493249     
  0.52745599999999881        2.5465999999999922       0.11659705182987988     
  0.52838399999999863        2.5523999999999920       0.11649926713450302     
  0.52931199999999867        2.5581999999999918       0.11640192919001562     
  0.53023999999999871        2.5639999999999916       0.11630503983723289     
  0.53116799999999875        2.5697999999999914       0.11620860091677593     
  0.53209599999999857        2.5755999999999912       0.11611261426927612     
  0.53302399999999861        2.5813999999999910       0.11601708173557981     
  0.53395199999999843        2.5871999999999908       0.11592200515695260     
  0.53487999999999847        2.5929999999999906       0.11582738637528581     
  0.53580799999999851        2.5987999999999905       0.11573322723330112     
  0.53673599999999844        2.6045999999999903       0.11563952957475747     
  0.53766399999999837        2.6103999999999901       0.11554629524465745     
  0.53859199999999841        2.6161999999999899       0.11545352608945472     
  0.53951999999999833        2.6219999999999897       0.11536122395726126     
  0.54044799999999837        2.6277999999999895       0.11526939069805575     
  0.54137599999999830        2.6335999999999893       0.11517802816389232     
  0.54230399999999823        2.6393999999999891       0.11508713820911014     
  0.54323199999999816        2.6451999999999889       0.11499672269054288     
  0.54415999999999820        2.6509999999999887       0.11490678346772983     
  0.54508799999999813        2.6567999999999885       0.11481732240312656     
  0.54601599999999817        2.6625999999999883       0.11472834136231778     
  0.54694399999999810        2.6683999999999881       0.11463984221422910     
  0.54787199999999814        2.6741999999999879       0.11455182683134120     
  0.54879999999999796        2.6799999999999877       0.11446429708990363     
  0.54972799999999800        2.6857999999999875       0.11437725487015024     
  0.55065599999999792        2.6915999999999873       0.11429070205651465     
  0.55158399999999785        2.6973999999999871       0.11420464053784748     
  0.55251199999999789        2.7031999999999869       0.11411907220763366     
  0.55343999999999793        2.7089999999999868       0.11403399896421122     
  0.55436799999999775        2.7147999999999866       0.11394942271099052     
  0.55529599999999779        2.7205999999999864       0.11386534535667571     
  0.55622399999999772        2.7263999999999862       0.11378176881548505     
  0.55715199999999776        2.7321999999999860       0.11369869500737464     
  0.55807999999999769        2.7379999999999858       0.11361612585826138     
  0.55900799999999773        2.7437999999999856       0.11353406330024834     
  0.55993599999999766        2.7495999999999854       0.11345250927185035     
  0.56086399999999759        2.7553999999999852       0.11337146571822165     
  0.56179199999999763        2.7611999999999850       0.11329093459138374     
  0.56271999999999767        2.7669999999999848       0.11321091785045545     
  0.56364799999999748        2.7727999999999846       0.11313141746188356     
  0.56457599999999752        2.7785999999999844       0.11305243539967570     
  0.56550399999999734        2.7843999999999842       0.11297397364563291     
  0.56643199999999738        2.7901999999999840       0.11289603418958574     
  0.56735999999999742        2.7959999999999838       0.11281861902963006     
  0.56828799999999746        2.8017999999999836       0.11274173017236494     
  0.56921599999999728        2.8075999999999834       0.11266536963313238     
  0.57014399999999732        2.8133999999999832       0.11258953943625831     
  0.57107199999999725        2.8191999999999831       0.11251424161529459     
  0.57199999999999729        2.8249999999999829       0.11243947821326394     
  0.57292799999999722        2.8307999999999827       0.11236525128290478     
  0.57385599999999726        2.8365999999999825       0.11229156288691987     
  0.57478399999999708        2.8423999999999823       0.11221841509822425     
  0.57571199999999711        2.8481999999999821       0.11214581000019776     
  0.57663999999999715        2.8539999999999819       0.11207374968693661     
  0.57756799999999719        2.8597999999999817       0.11200223626350853     
  0.57849599999999701        2.8655999999999815       0.11193127184620938     
  0.57942399999999705        2.8713999999999813       0.11186085856282217     
  0.58035199999999687        2.8771999999999811       0.11179099855287651     
  0.58127999999999691        2.8829999999999809       0.11172169396791252     
  0.58220799999999695        2.8887999999999807       0.11165294697174422     
  0.58313599999999688        2.8945999999999805       0.11158475974072718     
  0.58406399999999681        2.9003999999999803       0.11151713446402714     
  0.58499199999999685        2.9061999999999801       0.11145007334389144     
  0.58591999999999678        2.9119999999999799       0.11138357859592220     
  0.58684799999999682        2.9177999999999797       0.11131765244935206     
  0.58777599999999675        2.9235999999999795       0.11125229714732268     
  0.58870399999999667        2.9293999999999794       0.11118751494716510     
  0.58963199999999660        2.9351999999999792       0.11112330812068252     
  0.59055999999999664        2.9409999999999790       0.11105967895443650     
  0.59148799999999657        2.9467999999999788       0.11099662975003421     
  0.59241599999999661        2.9525999999999786       0.11093416282442005     
  0.59334399999999654        2.9583999999999784       0.11087228051016837     
  0.59427199999999658        2.9641999999999782       0.11081098515578031     
  0.59519999999999640        2.9699999999999780       0.11075027912598213     
  0.59612799999999644        2.9757999999999778       0.11069016480202769     
  0.59705599999999637        2.9815999999999776       0.11063064458200242     
  0.59798399999999630        2.9873999999999774       0.11057172088113180     
  0.59891199999999634        2.9931999999999772       0.11051339613209153     
  0.59983999999999638        2.9989999999999770       0.11045567278532167     
  0.60076799999999619        3.0047999999999768       0.11039855330934313     
  0.60169599999999623        3.0105999999999766       0.11034204019107884     
  0.60262399999999616        3.0163999999999764       0.11028613593617596     
  0.60355199999999620        3.0221999999999762       0.11023084306933383     
  0.60447999999999613        3.0279999999999760       0.11017616413463342     
  0.60540799999999617        3.0337999999999758       0.11012210169587128     
  0.60633599999999610        3.0395999999999757       0.11006865833689697     
  0.60726399999999603        3.0453999999999755       0.11001583666195378     
  0.60819199999999607        3.0511999999999753       0.10996363929602308     
  0.60911999999999611        3.0569999999999751       0.10991206888517306     
  0.61004799999999593        3.0627999999999749       0.10986112809691038     
  0.61097599999999597        3.0685999999999747       0.10981081962053706     
  0.61190399999999578        3.0743999999999745       0.10976114616750922     
  0.61283199999999582        3.0801999999999743       0.10971211047180263     
  0.61375999999999586        3.0859999999999741       0.10966371529028007     
  0.61468799999999590        3.0917999999999739       0.10961596340306380     
  0.61561599999999572        3.0975999999999737       0.10956885761391283     
  0.61654399999999576        3.1033999999999735       0.10952240075060402     
  0.61747199999999569        3.1091999999999733       0.10947659566531705     
  0.61839999999999573        3.1149999999999731       0.10943144523502568     
  0.61932799999999566        3.1207999999999729       0.10938695236189162     
  0.62025599999999570        3.1265999999999727       0.10934311997366496     
  0.62118399999999552        3.1323999999999725       0.10929995102408777     
  0.62211199999999556        3.1381999999999723       0.10925744849330440     
  0.62303999999999560        3.1439999999999722       0.10921561538827505     
  0.62396799999999564        3.1497999999999720       0.10917445474319541     
  0.62489599999999546        3.1555999999999718       0.10913396961992165     
  0.62582399999999550        3.1613999999999716       0.10909416310840057     
  0.62675199999999531        3.1671999999999714       0.10905503832710402     
  0.62767999999999535        3.1729999999999712       0.10901659842347135     
  0.62860799999999539        3.1787999999999710       0.10897884657435448     
  0.62953599999999532        3.1845999999999708       0.10894178598647131     
  0.63046399999999525        3.1903999999999706       0.10890541989686328     
  0.63139199999999529        3.1961999999999704       0.10886975157335980     
  0.63231999999999522        3.2019999999999702       0.10883478431504821     
  0.63324799999999526        3.2077999999999700       0.10880052145275018     
  0.63417599999999519        3.2135999999999698       0.10876696634950439     
  0.63510399999999512        3.2193999999999696       0.10873412240105586     
  0.63603199999999505        3.2251999999999694       0.10870199303635118     
  0.63695999999999509        3.2309999999999692       0.10867058171804136     
  0.63788799999999501        3.2367999999999690       0.10863989194299029     
  0.63881599999999505        3.2425999999999688       0.10860992724279156     
  0.63974399999999498        3.2483999999999686       0.10858069118429109     
  0.64067199999999502        3.2541999999999685       0.10855218737011776     
  0.64159999999999484        3.2599999999999683       0.10852441943922095     
  0.64252799999999488        3.2657999999999681       0.10849739106741606     
  0.64345599999999481        3.2715999999999679       0.10847110596793684     
  0.64438399999999474        3.2773999999999677       0.10844556789199654     
  0.64531199999999478        3.2831999999999675       0.10842078062935606     
  0.64623999999999482        3.2889999999999673       0.10839674800890105     
  0.64716799999999464        3.2947999999999671       0.10837347389922602     
  0.64809599999999468        3.3005999999999669       0.10835096220922891     
  0.64902399999999461        3.3063999999999667       0.10832921688871162     
  0.64995199999999465        3.3121999999999665       0.10830824192899154     
  0.65087999999999457        3.3179999999999663       0.10828804136352081     
  0.65180799999999461        3.3237999999999661       0.10826861926851475     
  0.65273599999999454        3.3295999999999659       0.10824997976359003     
  0.65366399999999447        3.3353999999999657       0.10823212701241187     
  0.65459199999999451        3.3411999999999655       0.10821506522335096     
  0.65551999999999455        3.3469999999999653       0.10819879865015031     
  0.65644799999999437        3.3527999999999651       0.10818333159260164     
  0.65737599999999441        3.3585999999999649       0.10816866839723348     
  0.65830399999999423        3.3643999999999648       0.10815481345800700     
  0.65923199999999427        3.3701999999999646       0.10814177121702549     
  0.66015999999999431        3.3759999999999644       0.10812954616525230     
  0.66108799999999435        3.3817999999999642       0.10811814284324096     
  0.66201599999999416        3.3875999999999640       0.10810756584187639     
  0.66294399999999420        3.3933999999999638       0.10809781980312803     
  0.66387199999999413        3.3991999999999636       0.10808890942081317     
  0.66479999999999417        3.4049999999999634       0.10808083944137435     
  0.66572799999999410        3.4107999999999632       0.10807361466466693     
  0.66665599999999414        3.4165999999999630       0.10806723994476107     
  0.66758399999999396        3.4223999999999628       0.10806172019075416     
  0.66851199999999400        3.4281999999999626       0.10805706036759874     
  0.66943999999999404        3.4339999999999624       0.10805326549694126     
  0.67036799999999408        3.4397999999999622       0.10805034065797557     
  0.67129599999999390        3.4455999999999620       0.10804829098831031     
  0.67222399999999394        3.4513999999999618       0.10804712168484991     
  0.67315199999999376        3.4571999999999616       0.10804683800468906     
  0.67407999999999380        3.4629999999999614       0.10804744526602424     
  0.67500799999999384        3.4687999999999612       0.10804894884907686     
  0.67593599999999376        3.4745999999999611       0.10805135419703459     
  0.67686399999999369        3.4803999999999609       0.10805466681700632     
  0.67779199999999373        3.4861999999999607       0.10805889228099390     
  0.67871999999999366        3.4919999999999605       0.10806403622687952     
  0.67964799999999370        3.4977999999999603       0.10807010435942983     
  0.68057599999999363        3.5035999999999601       0.10807710245131685     
  0.68150399999999356        3.5093999999999599       0.10808503634415637     
  0.68243199999999349        3.5151999999999597       0.10809391194956322     
  0.68335999999999353        3.5209999999999595       0.10810373525022533     
  0.68428799999999346        3.5267999999999593       0.10811451230099502     
  0.68521599999999350        3.5325999999999591       0.10812624923000029     
  0.68614399999999343        3.5383999999999589       0.10813895223977370     
  0.68707199999999347        3.5441999999999587       0.10815262760840226     
  0.68799999999999328        3.5499999999999585       0.10816728169069581     
  0.68892799999999332        3.5557999999999583       0.10818292091937681     
  0.68985599999999325        3.5615999999999581       0.10819955180628979     
  0.69078399999999318        3.5673999999999579       0.10821718094363336     
  0.69171199999999322        3.5731999999999577       0.10823581500521234     
  0.69263999999999326        3.5789999999999575       0.10825546074771315     
  0.69356799999999308        3.5847999999999574       0.10827612501200093     
  0.69449599999999312        3.5905999999999572       0.10829781472444097     
  0.69542399999999305        3.5963999999999570       0.10832053689824163     
  0.69635199999999309        3.6021999999999568       0.10834429863482362     
  0.69727999999999302        3.6079999999999566       0.10836910712521207     
  0.69820799999999306        3.6137999999999564       0.10839496965145484     
  0.69913599999999299        3.6195999999999562       0.10842189358806575     
  0.70006399999999291        3.6253999999999560       0.10844988640349483     
  0.70099199999999295        3.6311999999999558       0.10847895566162459     
  0.70191999999999299        3.6369999999999556       0.10850910902329410     
  0.70284799999999281        3.6427999999999554       0.10854035424785072     
  0.70377599999999285        3.6485999999999552       0.10857269919473177     
  0.70470399999999267        3.6543999999999550       0.10860615182507267     
  0.70563199999999271        3.6601999999999548       0.10864072020334870     
  0.70655999999999275        3.6659999999999546       0.10867641249904382     
  0.70748799999999279        3.6717999999999544       0.10871323698835285     
  0.70841599999999261        3.6775999999999542       0.10875120205591517     
  0.70934399999999265        3.6833999999999540       0.10879031619658124     
  0.71027199999999258        3.6891999999999538       0.10883058801721131     
  0.71119999999999262        3.6949999999999537       0.10887202623851049     
  0.71212799999999254        3.7007999999999535       0.10891463969689640     
  0.71305599999999258        3.7065999999999533       0.10895843734640501     
  0.71398399999999240        3.7123999999999531       0.10900342826063034     
  0.71491199999999244        3.7181999999999529       0.10904962163470446     
  0.71583999999999248        3.7239999999999527       0.10909702678731317     
  0.71676799999999252        3.7297999999999525       0.10914565316275228     
  0.71769599999999234        3.7355999999999523       0.10919551033302372     
  0.71862399999999238        3.7413999999999521       0.10924660799997306     
  0.71955199999999220        3.7471999999999519       0.10929895599746692     
  0.72047999999999224        3.7529999999999517       0.10935256429361670     
  0.72140799999999228        3.7587999999999515       0.10940744299304281     
  0.72233599999999221        3.7645999999999513       0.10946360233918617     
  0.72326399999999214        3.7703999999999511       0.10952105271666487     
  0.72419199999999218        3.7761999999999509       0.10957980465367798     
  0.72511999999999210        3.7819999999999507       0.10963986882445745     
  0.72604799999999214        3.7877999999999505       0.10970125605176975     
  0.72697599999999207        3.7935999999999503       0.10976397730946784     
  0.72790399999999200        3.7993999999999502       0.10982804372509494     
  0.72883199999999193        3.8051999999999500       0.10989346658254111     
  0.72975999999999197        3.8109999999999498       0.10996025732475471     
  0.73068799999999190        3.8167999999999496       0.11002842755650846     
  0.73161599999999194        3.8225999999999494       0.11009798904722383     
  0.73254399999999187        3.8283999999999492       0.11016895373385202     
  0.73347199999999191        3.8341999999999490       0.11024133372381670     
  0.73439999999999173        3.8399999999999488       0.11031514129801619     
  0.73532799999999177        3.8457999999999486       0.11039038891388961     
  0.73625599999999169        3.8515999999999484       0.11046708920854653     
  0.73718399999999162        3.8573999999999482       0.11054525500196313     
  0.73811199999999166        3.8631999999999480       0.11062489930024524     
  0.73903999999999170        3.8689999999999478       0.11070603529896142     
  0.73996799999999152        3.8747999999999476       0.11078867638654570     
  0.74089599999999156        3.8805999999999474       0.11087283614777513     
  0.74182399999999149        3.8863999999999472       0.11095852836731902     
  0.74275199999999153        3.8921999999999470       0.11104576703336756     
  0.74367999999999146        3.8979999999999468       0.11113456634133666     
  0.74460799999999150        3.9037999999999466       0.11122494069765422     
  0.74553599999999143        3.9095999999999465       0.11131690472362873     
  0.74646399999999136        3.9153999999999463       0.11141047325940218     
  0.74739199999999140        3.9211999999999461       0.11150566136798987     
  0.74831999999999144        3.9269999999999459       0.11160248433940914     
  0.74924799999999125        3.9327999999999457       0.11170095769489920     
  0.75017599999999129        3.9385999999999455       0.11180109719123561     
  0.75110399999999111        3.9443999999999453       0.11190291882513881     
  0.75203199999999115        3.9501999999999451       0.11200643883778424     
  0.75295999999999119        3.9559999999999449       0.11211167371941047     
  0.75388799999999123        3.9617999999999447       0.11221864021403360     
  0.75481599999999105        3.9675999999999445       0.11232735532426745     
  0.75574399999999109        3.9733999999999443       0.11243783631625377     
  0.75667199999999102        3.9791999999999441       0.11255010072470337     
  0.75759999999999106        3.9849999999999439       0.11266416635805498     
  0.75852799999999099        3.9907999999999437       0.11278005130375067     
  0.75945599999999103        3.9965999999999435       0.11289777393363465     
  0.76038399999999096        4.0023999999999438       0.11301735290947527     
  0.76131199999999088        4.0081999999999436       0.11313880718861792     
  0.76223999999999092        4.0139999999999434       0.11326215602976777     
  0.76316799999999096        4.0197999999999432       0.11338741899890899     
  0.76409599999999089        4.0255999999999430       0.11351461597536361     
  0.76502399999999082        4.0313999999999428       0.11364376715799317     
  0.76595199999999086        4.0371999999999426       0.11377489307154792     
  0.76687999999999068        4.0429999999999424       0.11390801457316664     
  0.76780799999999072        4.0487999999999422       0.11404315285903298     
  0.76873599999999076        4.0545999999999420       0.11418032947119088     
  0.76966399999999069        4.0603999999999418       0.11431956630452454     
  0.77059199999999062        4.0661999999999416       0.11446088561390839     
  0.77151999999999066        4.0719999999999414       0.11460431002152964     
  0.77244799999999059        4.0777999999999412       0.11474986252439012     
  0.77337599999999052        4.0835999999999411       0.11489756650199304     
  0.77430399999999056        4.0893999999999409       0.11504744572421756     
  0.77523199999999048        4.0951999999999407       0.11519952435938903     
  0.77615999999999041        4.1009999999999405       0.11535382698254992     
  0.77708799999999045        4.1067999999999403       0.11551037858393588     
  0.77801599999999049        4.1125999999999401       0.11566920457766541     
  0.77894399999999031        4.1183999999999399       0.11583033081064685     
  0.77987199999999035        4.1241999999999397       0.11599378357171185     
  0.78079999999999028        4.1299999999999395       0.11615958960097886     
  0.78172799999999021        4.1357999999999393       0.11632777609945617     
  0.78265599999999025        4.1415999999999391       0.11649837073889112     
  0.78358399999999018        4.1473999999999389       0.11667140167187050     
  0.78451199999999011        4.1531999999999387       0.11684689754218430     
  0.78543999999999015        4.1589999999999385       0.11702488749545607     
  0.78636799999999019        4.1647999999999383       0.11720540119005024     
  0.78729599999999011        4.1705999999999381       0.11738846880826592     
  0.78822399999999004        4.1763999999999379       0.11757412106782350     
  0.78915199999999008        4.1821999999999377       0.11776238923365498     
  0.79007999999998990        4.1879999999999376       0.11795330513000613     
  0.79100799999998994        4.1937999999999374       0.11814690115286147     
  0.79193599999998998        4.1995999999999372       0.11834321028270114     
  0.79286399999998991        4.2053999999999370       0.11854226609759982     
  0.79379199999998984        4.2111999999999368       0.11874410278668074     
  0.79471999999998988        4.2169999999999366       0.11894875516393257     
  0.79564799999998981        4.2227999999999364       0.11915625868240279     
  0.79657599999998974        4.2285999999999362       0.11936664944878102     
  0.79750399999998978        4.2343999999999360       0.11957996423838038     
  0.79843199999998971        4.2401999999999358       0.11979624051053439     
  0.79935999999998963        4.2459999999999356       0.12001551642442056     
  0.80028799999998967        4.2517999999999354       0.12023783085532397     
  0.80121599999998971        4.2575999999999352       0.12046322341135732     
  0.80214399999998953        4.2633999999999350       0.12069173445064997     
  0.80307199999998957        4.2691999999999348       0.12092340509902459     
  0.80399999999998950        4.2749999999999346       0.12115827726817352     
  0.80492799999998943        4.2807999999999344       0.12139639367435523     
  0.80585599999998947        4.2865999999999342       0.12163779785762636     
  0.80678399999998940        4.2923999999999340       0.12188253420162692     
  0.80771199999998933        4.2981999999999339       0.12213064795393991     
  0.80863999999998937        4.3039999999999337       0.12238218524704136     
  0.80956799999998941        4.3097999999999335       0.12263719311986322     
  0.81049599999998934        4.3155999999999333       0.12289571953999028     
  0.81142399999998926        4.3213999999999331       0.12315781342651098     
  0.81235199999998930        4.3271999999999329       0.12342352467354759     
  0.81327999999998912        4.3329999999999327       0.12369290417448602     
  0.81420799999998916        4.3387999999999325       0.12396600384693303     
  0.81513599999998920        4.3445999999999323       0.12424287665842418     
  0.81606399999998913        4.3503999999999321       0.12452357665290950     
  0.81699199999998906        4.3561999999999319       0.12480815897804606     
  0.81791999999998910        4.3619999999999317       0.12509667991332341     
  0.81884799999998903        4.3677999999999315       0.12538919689905342     
  0.81977599999998896        4.3735999999999313       0.12568576856625721     
